1, 1, 1, 0, 0, 1, 0, 0, 1, 1, 1, 1, 1, 1, 0, 1, 1, 1, 1, 0, 0, 1, 0, 1, 1, 1, 0, 1, 0, 1, 0, 1, 1, 0, 0, 0, 1, 1, 1, 1, 0, 1, 1, 1, 0, 0, 1, 1, 1, 


1
A: 0,0,1,0,0,1,1,0,1,1,1,0,0,1,0,1,0,0,1,0,1,0,0,0,1,1,0,0,1,1,0,0,1
P: 0,0,1,0,0,1,1,0,0,0,1,0,0,1,0,1,0,0,1,0,1,1,0,0,0,1,0,0,0,0,1,1,1

2
A:1,0,1,1,0,0,1,0,0,0,1,0,1,0,0,1,1,0,1,0,0,1,1,1,0,0,1,1
P:1,0,1,1,0,0,1,1,0,0,1,0,1,1,0,0,1,1,1,0,0,1,1,1,1,1,1,1

3
A:1,0,1,0,0,1,0,1,0,1,0,0,1,0,0,1,0,1,0,1,0,0,0,0,0,1,0,0,1,0,0,1,0,0,0,1,0,0,1,0,1
P:1,0,1,0,0,1,1,1,1,1,1,0,1,0,0,1,1,1,0,0,0,0,0,0,0,1,0,0,1,0,0,0,0,0,0,1,0,1,0,0,1

4
A:1,0,1,0,1,0,1,0,1,0,1,0,0,1,0,1,0,1,0,0,1,1,1,0,0,1,0,0,1,0
P:0,0,1,0,1,1,1,1,1,0,1,0,0,1,0,1,0,1,1,0,1,1,1,0,1,1,0,0,1,0

5
1,0,0,0,1,0,0,0,1,0,1,0,0,0,1,0,0,1,1,0,0,0,1,0,1,0,0,1,0,1,0,1,0,0,1,0,
1,0,0,1,0,0,0,0,1,0,1,0,0,1,1,1,1,1,0,0,0,0,0,0,1,0,0,1,0,1,0,1,0,0,1,0


6
1,1,1,1,0,1,0,1,0,1,0,1,0,0,1,0,0,0,1,1,1,1,0,1,0,1,1,0,1,0,0,0,1,0,
1,0,0,1,0,1,0,1,0,1,0,1,0,1,0,0,1,0,1,0,1,1,0,1,0,0,0,0,0,0,0,0,1,0,

1,0,1,0,0,1,0,1,1,0,1,1,0,0,1,1,0,1,0,1,0,1,
1,0,0,0,0,1,0,0,1,0,1,1,1,0,1,1,1,0,0,1,0,1,

1,1,0,1,0,1,0,1,0,1,0,1,0,1,0,0,0,1,0,0,1,0,0,1,0,1,1,1,0,
1,0,0,1,0,0,0,0,0,0,0,1,0,1,0,1,1,0,0,0,1,0,0,0,1,1,0,1,0,

1,0,0,0,1,0,1,0,1,0,1,0,1,0,0,0,1,0,0,1,1,0,1,0,0,1,1,1,0,0,
0,0,0,0,0,0,0,0,1,0,0,0,1,0,0,1,1,1,0,1,1,0,0,0,0,1,0,0,0,0,

1,0,0,1,0,1,1,1,1,0,0,1,0,1,0,1,0,0,0,1,0,0,1,0,1,0,0,1,0,0,1,0,
0,0,0,1,0,1,1,0,1,0,0,1,0,0,0,1,0,1,1,0,1,0,1,0,1,0,1,1,0,0,1,0
